SPIKE 600 480 1 1 0
SPIKE 900 480 1 1 0
SPIKE 1200 480 1 1 0
BLOCK 1250 480 1 1 0
SPIKE 1300 480 1 1 0
BLOCK 1350 430 1 2 0
SPIKE 1400 480 1 1 0
BLOCK 1450 380 1 3 0
SPIKE 1800 480 1 1 0
BLOCK 2000 480 8 1 0
SPIKE 2400 480 2 1 0
BLOCK 2500 480 4 1 0
SPIKE 2700 430 1 1 0
BLOCK 2700 480 4 1 0
SPIKE 2900 480 2 1 0
BLOCK 3000 430 10 2 0  
SPIKE 3500 380 1 1 0 
BLOCK 3500 430 6 2 0
SPIKE 3800 480 2 1 0
BLOCK 3900 380 1 1 0 
SPIKE 3900 480 3 1 0
BLOCK 4050 330 1 1 0 
SPIKE 4050 480 3 1 0 
BLOCK 4200 280 1 1 0
SPIKE 4200 480 3 1 0 
BLOCK 4350 230 1 1 0
SPIKE 4350 480 3 1 0
BLOCK 4500 180 1 1 0 
SPIKE 4500 480 5 1 0
BLOCK 4650 230 2 1 0
BLOCK 4750 230 4 6 0
SPIKE 4950 180 4 1 0 
BLOCK 4950 230 9 6 0 
BLOCK 5000 130 2 1 0 
SPIKE 5400 180 4 1 0 
BLOCK 5450 130 2 1 0 
BLOCK 5400 230 9 6 0 
BLOCK 5850 280 10 5 0
SPIKE 6000 150 4 1 0 
BLOCK 6350 230 5 6 0 
SPIKE 6550 180 1 1 0
SPIKE 6600 280 1 1 0
BLOCK 6600 330 5 4 0 
BLOCK 6850 330 4 1 0
SPIKE 6850 480 5 1 0 
BLOCK 7150 330 4 1 0 
SPIKE 7300 280 1 1 0
SPIKE 7100 480 6 1 0
BLOCK 7400 380 7 1 0 
SPIKE 7700 330 1 1 0
SPIKE 7400 480 8 1 0
BLOCK 7800 430 5 1 0 
SPIKE 7800 480 7 1 0 
BLOCK 8150 380 1 1 0 
SPIKE 8150 480 3 1 0
BLOCK 8300 330 1 1 0
SPIKE 8300 480 3 1 0
BLOCK 8450 280 1 1 0
SPIKE 8450 480 3 1 0
BLOCK 8600 230 1 1 0
SPIKE 8600 480 3 1 0
BLOCK 8750 180 1 1 0 
SPIKE 8750 480 9 1 0
BLOCK 9000 100 1 1 0
SPIKE 9000 50 1 1 0
BLOCK 8850 230 7 1 0
BLOCK 9200 230 5 6 0 
BLOCK 9200 -20 5 2 0
BLOCK 9450 230 12 6 0
BLOCK 9450 -20 12 3 0
// ship part
