SPIKE 600 480 1 1 0
SPIKE 900 480 1 1 0
SPIKE 1200 480 1 1 0
BLOCK 1250 480 1 1 0
SPIKE 1300 480 1 1 0
BLOCK 1350 430 1 2 0
SPIKE 1400 480 1 1 0
BLOCK 1450 380 1 3 0
SPIKE 1800 480 1 1 0
BLOCK 2000 480 8 1 0
SPIKE 2400 480 2 1 0
BLOCK 2500 480 4 1 0
SPIKE 2700 430 1 1 0
BLOCK 2700 480 4 1 0
SPIKE 2900 480 2 1 0
BLOCK 3000 430 10 2 0  
SPIKE 3500 380 1 1 0 
BLOCK 3500 430 6 2 0
SPIKE 3800 480 2 1 0
BLOCK 3900 380 1 1 0 
SPIKE 3900 480 3 1 0
BLOCK 4050 330 1 1 0 
SPIKE 4050 480 3 1 0 
BLOCK 4200 280 1 1 0
SPIKE 4200 480 3 1 0 
BLOCK 4350 230 1 1 0
SPIKE 4350 480 3 1 0
BLOCK 4500 180 1 1 0 
SPIKE 4500 480 5 1 0
BLOCK 4650 230 2 1 0
BLOCK 4750 230 4 6 0
SPIKE 4950 180 4 1 0 
BLOCK 4950 230 9 6 0 
BLOCK 5000 130 2 1 0 
SPIKE 5400 180 4 1 0 
BLOCK 5450 130 2 1 0 
BLOCK 5400 230 9 6 0 
BLOCK 5850 280 10 5 0
SPIKE 6000 150 4 1 0 
BLOCK 6350 230 5 6 0 
SPIKE 6550 180 1 1 0
SPIKE 6600 280 1 1 0
BLOCK 6600 330 5 4 0 
BLOCK 6850 330 4 1 0
SPIKE 6850 480 5 1 0 
BLOCK 7150 330 4 1 0 
SPIKE 7300 280 1 1 0
SPIKE 7100 480 6 1 0
BLOCK 7400 380 7 1 0 
SPIKE 7700 330 1 1 0
SPIKE 7400 480 8 1 0
BLOCK 7800 430 5 1 0 
SPIKE 7800 480 7 1 0 
BLOCK 8150 380 1 1 0 
SPIKE 8150 480 3 1 0
BLOCK 8300 330 1 1 0
SPIKE 8300 480 3 1 0
BLOCK 8450 280 1 1 0
SPIKE 8450 480 3 1 0
BLOCK 8600 230 1 1 0
SPIKE 8600 480 3 1 0
BLOCK 8750 180 1 1 0 
SPIKE 8750 480 9 1 0
BLOCK 9000 100 1 1 0
SPIKE 9000 50 1 1 0
BLOCK 8850 230 7 1 0
BLOCK 9200 230 5 6 0 
BLOCK 9200 -20 5 2 0
BLOCK 9450 230 12 6 0
BLOCK 9450 -20 12 3 0
BLOCK 10050 230 5 6 0 
BLOCK 10050 -20 5 2 0
BLOCK 10300 430 12 2 0
SPIKE 10900 480 2 1 0
BLOCK 11000 380 1 3 0
SPIKE 11050 480 2 1 0
BLOCK 11150 330 1 4 0 
SPIKE 11200 480 2 1 0
BLOCK 11300 280 1 2 0
BLOCK 11300 480 1 1 0
SPIKE 11350 480 2 1 0
BLOCK 11450 230 1 2 0
BLOCK 11450 430 7 2 0
SPIKE 11800 480 2 1 0 
BLOCK 11900 380 1 3 0 
SPIKE 11950 480 2 1 0 
BLOCK 12050 330 1 4 0 
SPIKE 12100 480 2 1 0 
BLOCK 12200 280 1 5 0
SPIKE 12250 480 2 1 0
BLOCK 12350 230 1 6 0 
SPIKE 12400 480 2 1 0
BLOCK 12500 180 1 7 0 
SPIKE 12550 480 2 1 0
BLOCK 12650 130 1 8 0 
SPIKE 12700 480 2 1 0
BLOCK 12800 80 1 9 0 
BLOCK 12900 80 1 1 0
BLOCK 13000 130 2 1 0 
BLOCK 13150 180 2 1 0
BLOCK 13300 230 3 1 0
BLOCK 13550 280 2 1 0 
SPIKE 12850 480 17 1 0
BLOCK 13700 330 3 4 0 
SPIKE 13850 480 2 1 0 
BLOCK 13950 380 4 3 0 
SPIKE 14150 480 5 1 0
BLOCK 14200 400 1 1 0
BLOCK 14300 420 1 1 0
BLOCK 14400 440 1 1 0 
SPIKE 14750 480 2 1 0 
BLOCK 14850 480 1 1 0
SPIKE 14900 480 5 1 0 
BLOCK 15000 430 2 1 0
BLOCK 15150 480 3 1 0   
SPIKE 15300 480 9 1 0
BLOCK 15400 430 2 1 0
BLOCK 15600 380 2 1 0 
BLOCK 15750 480 3 1 0 
SPIKE 15900 480 2 1 0  
SPIKE 16450 480 1 1 0
BLOCK 16450 180 1 1 0
SPIKE 16450 230 1 1 2 
SPIKE 16800 480 2 1 0 
BLOCK 16800 180 2 1 0 
SPIKE 16800 230 2 1 2
SPIKE 17200 480 1 1 0 
BLOCK 17200 180 1 1 0 
SPIKE 17200 230 1 1 2 
SPIKE 17600 480 1 1 0 
BLOCK 17600 180 1 1 0 
SPIKE 17600 230 1 1 2 
SPIKE 18150 480 2 1 0
BLOCK 18250 480 1 1 0
SPIKE 18300 480 2 1 0 
BLOCK 18400 430 1 2 0
SPIKE 18450 480 2 1 0
BLOCK 18550 380 1 3 0
SPIKE 18600 480 2 1 0
BLOCK 18700 330 1 4 0 
SPIKE 18750 480 6 1 0 
BLOCK 18750 330 1 1 0
BLOCK 18850 380 1 1 0 
BLOCK 18950 430 1 1 0 
BLOCK 19050 480 1 1 0 
SPIKE 19350 480 2 1 0 
BLOCK 19750 360 4 1 0 
SPIKE 19750 410 4 1 0 
SPIKE 20150 480 1 1 0
BLOCK 20200 480 1 1 0 
BLOCK 20550 480 4 1 0
BLOCK 20850 430 1 1 0 
BLOCK 21000 380 1 1 0 
BLOCK 21150 330 1 1 0 
BLOCK 21300 280 3 1 0 
BLOCK 21550 330 1 1 0
BLOCK 21550 190 1 1 0
BLOCK 21650 380 1 1 0 
BLOCK 21650 240 1 1 0 
BLOCK 21750 430 1 1 0
BLOCK 21750 290 1 1 0 
BLOCK 21850 480 1 1 0
BLOCK 21850 300 1 1 0 
SPIKE 21450 480 21 1 0
SPIKE 21900 480 18 1 0
BLOCK 22050 430 1 1 0 
BLOCK 22150 430 1 1 0 
BLOCK 22250 430 1 1 0 
BLOCK 22400 380 3 1 0 
BLOCK 22600 430 1 1 0 
BLOCK 22700 480 3 1 0 
SPIKE 22850 480 2 1 0
SPIKE 23250 480 2 1 0
BLOCK 23250 180 2 1 0
SPIKE 23250 230 2 1 2 
BLOCK 23750 480 3 1 0 
SPIKE 23900 480 2 1 0 
BLOCK 24000 480 1 1 0
SPIKE 24050 480 2 1 0 
BLOCK 24150 480 4 1 0 
BLOCK 24300 430 3 1 0 
SPIKE 24350 480 8 1 0
BLOCK 24600 380 1 1 0 
BLOCK 24700 430 1 1 0 
BLOCK 24800 480 3 1 0 
SPIKE 24950 480 25 1 0
BLOCK 25100 430 12 1 0 
SPIKE 25200 380 1 1 0 
SPIKE 25550 380 1 1 0 
BLOCK 25850 380 3 1 0
SPIKE 26000 330 1 1 0
BLOCK 26100 430 3 1 0
BLOCK 26300 380 1 3 0
BLOCK 26300 -20 1 4 0 